{
 "metadata": {
  "name": "",
  "signature": "sha256:f549e59747ac8d4064cb600864a8491449484d1a140c6aa282180a1283c6bf17"
 },
 "nbformat": 3,
 "nbformat_minor": 0,
 "worksheets": [
  {
   "cells": [
    {
     "cell_type": "code",
     "collapsed": false,
     "input": [
      "import wave\n",
      "import os\n",
      "import zipfile\n",
      "import subprocess\n",
      "from os import listdir\n",
      "from os.path import isfile, join\n",
      "import h5py\n",
      "\n",
      "import numpy as np\n",
      "from scipy.spatial import distance\n",
      "import matplotlib.pyplot as plt\n",
      "from sklearn import manifold"
     ],
     "language": "python",
     "metadata": {},
     "outputs": [],
     "prompt_number": 1
    },
    {
     "cell_type": "code",
     "collapsed": false,
     "input": [
      "'''\n",
      "## Create a directory on 'destination' if does not exist\n",
      "'''\n",
      "def makeDir(destination):\n",
      "    if not os.path.exists(destination):\n",
      "        os.makedirs(destination)\n",
      "\n",
      "'''    \n",
      "## Unzip file ('path') to 'destination' folder. \n",
      "    \n",
      "    ie: \n",
      "        # unzip '1446139584253.zip' and put contents inside 'test' folder\n",
      "        unzip('1446139584253.zip', 'test')\n",
      "'''\n",
      "def unzip(path, destination):\n",
      "    makeDir(destination)\n",
      "    \n",
      "    file = zipfile.ZipFile(path, 'r')\n",
      "    file.extractall(destination)\n",
      "\n",
      "'''\n",
      "## Split wav file into smaller files with 'size' seconds\n",
      "    \n",
      "    ie: \n",
      "        # split file into smaller files with 10s each\n",
      "        splitWav('Friday Morning - 072400.wav', 10) \n",
      "'''\n",
      "def splitWav(path, size):\n",
      "\n",
      "    source = wave.open(path, 'r')\n",
      "    \n",
      "    mode = source.getnchannels()\n",
      "    sampleWidth = source.getsampwidth()\n",
      "    frameWidth = source.getnframes()\n",
      "    frameRate = source.getframerate()\n",
      "    \n",
      "    splitWidth = size*frameRate\n",
      "    splitSize = frameWidth/splitWidth\n",
      "    \n",
      "    path = path[:path.rfind('.')]\n",
      "    \n",
      "    for i in range(splitSize):\n",
      "        newPath = '{0}_{1}{2}'.format(path, i, '.wav')\n",
      "\n",
      "        data = source.readframes(splitWidth);\n",
      "\n",
      "        destination = wave.open(newPath, 'w')\n",
      "        destination.setnchannels(mode)\n",
      "        destination.setsampwidth(sampleWidth)\n",
      "        destination.setframerate(frameRate)\n",
      "        destination.writeframes(data)\n",
      "\n",
      "        destination.close()\n",
      "\n",
      "    source.close()\n",
      "    \n",
      "'''\n",
      "## Call sound2sounds script on wav files inside 'inputPath' \n",
      "    and put the results and logs inside 'outputPath'\n",
      "'''\n",
      "def applySound2Sounds(inputPath, outputPath):\n",
      "    soundAnnotatorPath = 'python /home/melchior/Code/sound2sounds/sound2sounds/experiments/simple/soundAnnotator.py'\n",
      "    \n",
      "    wavFolder = inputPath\n",
      "    logFolder = join(outputPath, 'log')\n",
      "    outFolder = join(outputPath, 'out')\n",
      "    \n",
      "    makeDir(outputPath)\n",
      "    makeDir(logFolder)\n",
      "    makeDir(outFolder)\n",
      "\n",
      "    args = '--noofscales 70 --inputrate 96000 --PTNE --ptnblockwidth 1 --ptnsplit [10,60] '\n",
      "    calibrateCmd = '{0} -c {1} --outdir {2} --logdir {3}'.format(\n",
      "        soundAnnotatorPath, args, outFolder, logFolder)\n",
      "    \n",
      "    processCmd = '{0} {1} --outdir {2} --logdir {3} --wav {4}'.format(\n",
      "        soundAnnotatorPath, args, outFolder, logFolder, wavFolder)\n",
      "    \n",
      "    returnCode = subprocess.call(calibrateCmd, shell=True)\n",
      "    assert(returnCode == 0)\n",
      "    \n",
      "    returnCode = subprocess.call(processCmd, shell=True)\n",
      "    assert(returnCode == 0)\n",
      "\n",
      "'''\n",
      "## Apply sound2sounds to zip file and returns the path to the result (hdf5 files)\n",
      "'''\n",
      "def processZip(fileName, wavSize):\n",
      "    # Extract file to a folder with same name\n",
      "    destination = fileName[:-4]\n",
      "    unzip(fileName, destination)\n",
      "    \n",
      "    wavFiles = filter(lambda file: isfile(join(destination,file)), listdir(destination))\n",
      "    \n",
      "    # Divide the file into chunks of 'wavSize' and delete original\n",
      "    if wavSize > 0:\n",
      "        for wavFile in wavFiles:\n",
      "            path = join(destination, wavFile)\n",
      "            splitWav(path, wavSize)\n",
      "            os.remove(path)\n",
      "    \n",
      "    # Apply sound2sounds to the files\n",
      "    applySound2Sounds(destination, destination)\n",
      "\n",
      "    outputPath = join(destination, 'out/hdf5/')\n",
      "    outputPath = join(outputPath, listdir(outputPath)[0]) # get inside the date folder\n",
      "    return outputPath\n",
      "    \n",
      "'''\n",
      "## Open all hdf5 files inside the path and return a list of handles\n",
      "'''\n",
      "def openFiles(path):\n",
      "    # Filter files \n",
      "    files = filter(\n",
      "        lambda file: isfile(join(path, file)) and 'FileWriter-PTNE' in file, listdir(path))\n",
      "\n",
      "    # Open all files\n",
      "    handles = map(\n",
      "        lambda file: h5py.File(join(path,file), 'r'), files)\n",
      "    \n",
      "    return handles"
     ],
     "language": "python",
     "metadata": {},
     "outputs": [],
     "prompt_number": 2
    },
    {
     "cell_type": "code",
     "collapsed": false,
     "input": [
      "'''\n",
      "## Compute the distance between each 'vector' in data using the desired predicate\n",
      "    - Data models a np.array.\n",
      "    \n",
      "    ie:\n",
      "        data = np.array([[0, 1], [1, 0]])\n",
      "        computeDistanceMatrix(data, distance.euclidean) \n",
      "            \n",
      "            # returns:\n",
      "                # array([[ 0.        ,  1.41421356],\n",
      "                #        [ 1.41421356,  0.        ]])\n",
      "'''\n",
      "def computeDistanceMatrix(data, predicate):\n",
      "    size = data.shape[0]\n",
      "    distances = np.zeros((size, size));\n",
      "    \n",
      "    for row in xrange(0, size):\n",
      "        for col in xrange(0, 1+row):\n",
      "            if (col != row):\n",
      "                distance = predicate(data[row], data[col])\n",
      "                distances[row, col] = distance;\n",
      "                distances[col, row] = distance;\n",
      "    return distances\n",
      "\n",
      "'''\n",
      "## Apply multidimensional scaling in order to produce a 2D visualization of the data.\n",
      "    \n",
      "'''\n",
      "def visualizeCluster(distances, labels, title):\n",
      "    \n",
      "    seed = np.random.RandomState(seed=3)\n",
      "    mds = manifold.MDS(n_components=2, max_iter=3000, eps=1e-9, random_state=seed,\n",
      "                       dissimilarity=\"precomputed\", n_jobs=1)\n",
      "    coords = mds.fit(distances).embedding_\n",
      "\n",
      "    plt.figure()\n",
      "    plt.scatter(coords[:, 0], coords[:, 1], marker = 'o')\n",
      "    plt.title(title)\n",
      "    \n",
      "    for label, x, y in zip(labels, coords[:, 0], coords[:, 1]):\n",
      "        plt.annotate(label,\n",
      "            xy = (x, y), xytext = (-20, 20),\n",
      "            textcoords = 'offset points', ha = 'right', va = 'bottom',\n",
      "            bbox = dict(boxstyle = 'round,pad=0.5', fc = 'yellow', alpha = 0.5),\n",
      "            arrowprops = dict(arrowstyle = '->', connectionstyle = 'arc3,rad=0'))\n",
      "    \n",
      "    plt.show()"
     ],
     "language": "python",
     "metadata": {},
     "outputs": [],
     "prompt_number": 24
    },
    {
     "cell_type": "code",
     "collapsed": false,
     "input": [
      "samplePath = '/home/melchior/Code/SensorCityChallenge/please.zip'\n",
      "outputPath = processZip(samplePath, 0)"
     ],
     "language": "python",
     "metadata": {},
     "outputs": [],
     "prompt_number": 6
    },
    {
     "cell_type": "code",
     "collapsed": false,
     "input": [
      "samplePath = '/home/melchior/Code/SensorCityChallenge/ref.zip'\n",
      "referencePath = processZip(samplePath, 0)"
     ],
     "language": "python",
     "metadata": {},
     "outputs": [],
     "prompt_number": 17
    },
    {
     "cell_type": "code",
     "collapsed": false,
     "input": [
      "handles = openFiles(outputPath)\n",
      "\n",
      "# assume all files have the same keys\n",
      "keys = handles[0].keys()\n",
      "\n",
      "# extract file names from metadata\n",
      "labels = map(\n",
      "    lambda handle: handle.attrs['wav'][handle.attrs['wav'].rfind('/') + 1:], handles)\n",
      "print handles[12]"
     ],
     "language": "python",
     "metadata": {},
     "outputs": [
      {
       "output_type": "stream",
       "stream": "stdout",
       "text": [
        "<HDF5 file \"FileWriter-PTNE_hereandnow.8.hdf5\" (mode r)>\n"
       ]
      }
     ],
     "prompt_number": 27
    },
    {
     "cell_type": "code",
     "collapsed": false,
     "input": [
      "for key in keys:\n",
      "    size = 45\n",
      "    data = map(lambda handle: np.array(handle[key][:size]), handles)\n",
      "    distances = computeDistanceMatrix(np.array(data), distance.euclidean)\n",
      "    \n",
      "    visualizeCluster(distances, labels, key)"
     ],
     "language": "python",
     "metadata": {},
     "outputs": [
      {
       "output_type": "stream",
       "stream": "stdout",
       "text": [
        "[[  0.          26.37122345  19.0452137   48.18619537  17.67666817\n",
        "   12.69752312  13.79252625  30.65928268  38.98490906  24.75514793\n",
        "   34.05265808  15.34114552  26.15242577]\n",
        " [ 26.37122345   0.          24.61839294  46.97345352  37.17120361\n",
        "   25.39720535  35.8400383   51.55041885  16.60747337  16.52858925\n",
        "   58.34251404  12.72194576  43.61837006]\n",
        " [ 19.0452137   24.61839294   0.          32.93623352  29.36475372\n",
        "   13.06038761  25.1912365   31.81609535  31.39367104  17.8266449\n",
        "   42.22856522  17.79946518  26.79811478]\n",
        " [ 48.18619537  46.97345352  32.93623352   0.          55.68631363\n",
        "   44.6169014   54.07072067  49.67968369  43.10175323  38.49310684\n",
        "   61.5163765   45.76742935  52.15843582]\n",
        " [ 17.67666817  37.17120361  29.36475372  55.68631363   0.          22.70674324\n",
        "   15.98378944  30.64049721  48.1056633   34.60091019  30.54358292\n",
        "   27.40723038  27.20271873]\n",
        " [ 12.69752312  25.39720535  13.06038761  44.6169014   22.70674324   0.\n",
        "   16.27884293  29.26291275  36.14073944  21.16572762  36.9728775\n",
        "   16.04989433  19.69916725]\n",
        " [ 13.79252625  35.8400383   25.1912365   54.07072067  15.98378944\n",
        "   16.27884293   0.          24.26955986  47.95440674  32.05912781\n",
        "   28.0752964   24.61766243  19.69408798]\n",
        " [ 30.65928268  51.55041885  31.81609535  49.67968369  30.64049721\n",
        "   29.26291275  24.26955986   0.          61.01956177  42.460186\n",
        "   18.66864014  41.88216019  18.79331207]\n",
        " [ 38.98490906  16.60747337  31.39367104  43.10175323  48.1056633\n",
        "   36.14073944  47.95440674  61.01956177   0.          23.03754044\n",
        "   69.65424347  25.24968147  53.5915947 ]\n",
        " [ 24.75514793  16.52858925  17.8266449   38.49310684  34.60091019\n",
        "   21.16572762  32.05912781  42.460186    23.03754044   0.          51.41859436\n",
        "   16.40530968  36.07357788]\n",
        " [ 34.05265808  58.34251404  42.22856522  61.5163765   30.54358292\n",
        "   36.9728775   28.0752964   18.66864014  69.65424347  51.41859436   0.\n",
        "   48.21508408  26.50840569]\n",
        " [ 15.34114552  12.72194576  17.79946518  45.76742935  27.40723038\n",
        "   16.04989433  24.61766243  41.88216019  25.24968147  16.40530968\n",
        "   48.21508408   0.          34.59865189]\n",
        " [ 26.15242577  43.61837006  26.79811478  52.15843582  27.20271873\n",
        "   19.69916725  19.69408798  18.79331207  53.5915947   36.07357788\n",
        "   26.50840569  34.59865189   0.        ]]\n",
        "[[  0.00000000e+00   1.70374601e+15   8.44351647e+14   8.00721651e+15\n",
        "    2.12731113e+15   5.91325796e+14   4.82982863e+14   9.43004966e+14\n",
        "    2.93786608e+15   1.48448028e+15   9.35668088e+14   8.39837167e+14\n",
        "    8.75120323e+14]\n",
        " [  1.70374601e+15   0.00000000e+00   1.90960863e+15   7.94048668e+15\n",
        "    2.68185784e+15   1.89824656e+15   2.07131066e+15   2.52543218e+15\n",
        "    1.73965557e+15   1.67140733e+15   2.56741522e+15   9.91675871e+14\n",
        "    2.37209192e+15]\n",
        " [  8.44351647e+14   1.90960863e+15   0.00000000e+00   7.50931491e+15\n",
        "    2.40445262e+15   5.45013432e+14   8.44209376e+14   9.26943533e+14\n",
        "    2.78895285e+15   1.29617724e+15   1.07452854e+15   1.22859325e+15\n",
        "    8.23674198e+14]\n",
        " [  8.00721651e+15   7.94048668e+15   7.50931491e+15   0.00000000e+00\n",
        "    8.42241691e+15   7.98385082e+15   8.11082455e+15   8.03013285e+15\n",
        "    7.24494035e+15   7.68910923e+15   8.17408888e+15   7.91207279e+15\n",
        "    8.12199791e+15]\n",
        " [  2.12731113e+15   2.68185784e+15   2.40445262e+15   8.42241691e+15\n",
        "    0.00000000e+00   2.27885140e+15   2.16220988e+15   2.41062556e+15\n",
        "    3.41342472e+15   2.63060546e+15   2.36811773e+15   2.21814794e+15\n",
        "    2.38360082e+15]\n",
        " [  5.91325796e+14   1.89824656e+15   5.45013432e+14   7.98385082e+15\n",
        "    2.27885140e+15   0.00000000e+00   5.13696242e+14   7.57543513e+14\n",
        "    2.94375179e+15   1.40674715e+15   8.32306411e+14   1.13406625e+15\n",
        "    5.41625307e+14]\n",
        " [  4.82982863e+14   2.07131066e+15   8.44209376e+14   8.11082455e+15\n",
        "    2.16220988e+15   5.13696242e+14   0.00000000e+00   5.93854055e+14\n",
        "    3.20556683e+15   1.64050517e+15   5.91083063e+14   1.21689912e+15\n",
        "    5.53528171e+14]\n",
        " [  9.43004966e+14   2.52543218e+15   9.26943533e+14   8.03013285e+15\n",
        "    2.41062556e+15   7.57543513e+14   5.93854055e+14   0.00000000e+00\n",
        "    3.54453155e+15   1.81502821e+15   2.59866644e+14   1.71100438e+15\n",
        "    3.55147658e+14]\n",
        " [  2.93786608e+15   1.73965557e+15   2.78895285e+15   7.24494035e+15\n",
        "    3.41342472e+15   2.94375179e+15   3.20556683e+15   3.54453155e+15\n",
        "    0.00000000e+00   2.32775577e+15   3.64302857e+15   2.32672471e+15\n",
        "    3.37478451e+15]\n",
        " [  1.48448028e+15   1.67140733e+15   1.29617724e+15   7.68910923e+15\n",
        "    2.63060546e+15   1.40674715e+15   1.64050517e+15   1.81502821e+15\n",
        "    2.32775577e+15   0.00000000e+00   1.94122724e+15   1.37865377e+15\n",
        "    1.69326791e+15]\n",
        " [  9.35668088e+14   2.56741522e+15   1.07452854e+15   8.17408888e+15\n",
        "    2.36811773e+15   8.32306411e+14   5.91083063e+14   2.59866644e+14\n",
        "    3.64302857e+15   1.94122724e+15   0.00000000e+00   1.73738178e+15\n",
        "    4.26662320e+14]\n",
        " [  8.39837167e+14   9.91675871e+14   1.22859325e+15   7.91207279e+15\n",
        "    2.21814794e+15   1.13406625e+15   1.21689912e+15   1.71100438e+15\n",
        "    2.32672471e+15   1.37865377e+15   1.73738178e+15   0.00000000e+00\n",
        "    1.58444766e+15]\n",
        " [  8.75120323e+14   2.37209192e+15   8.23674198e+14   8.12199791e+15\n",
        "    2.38360082e+15   5.41625307e+14   5.53528171e+14   3.55147658e+14\n",
        "    3.37478451e+15   1.69326791e+15   4.26662320e+14   1.58444766e+15\n",
        "    0.00000000e+00]]"
       ]
      },
      {
       "output_type": "stream",
       "stream": "stdout",
       "text": [
        "\n",
        "[[  0.00000000e+00   8.69822397e+13   5.17465881e+13   4.01085185e+14\n",
        "    7.20943228e+13   3.54670598e+13   2.99908779e+13   4.71471479e+13\n",
        "    1.78630810e+14   6.77998882e+13   4.41550614e+13   4.40370966e+13\n",
        "    4.55503008e+13]\n",
        " [  8.69822397e+13   0.00000000e+00   8.93026461e+13   3.98157494e+14\n",
        "    1.11239905e+14   9.33580683e+13   1.03774127e+14   1.18721880e+14\n",
        "    1.36085527e+14   8.19772522e+13   1.18947844e+14   6.78342227e+13\n",
        "    1.12466378e+14]\n",
        " [  5.17465881e+13   8.93026461e+13   0.00000000e+00   3.68284151e+14\n",
        "    8.69723915e+13   4.46349695e+13   5.70283157e+13   5.66139604e+13\n",
        "    1.65774161e+14   6.56821883e+13   6.03685588e+13   5.77366414e+13\n",
        "    5.19785918e+13]\n",
        " [  4.01085185e+14   3.98157494e+14   3.68284151e+14   0.00000000e+00\n",
        "    4.13988475e+14   4.01971660e+14   4.09041948e+14   4.06257568e+14\n",
        "    3.70577898e+14   3.88674307e+14   4.09942985e+14   4.00429532e+14\n",
        "    4.07933813e+14]\n",
        " [  7.20943228e+13   1.11239905e+14   8.69723915e+13   4.13988475e+14\n",
        "    0.00000000e+00   7.56278645e+13   6.61630820e+13   7.82464272e+13\n",
        "    1.92469447e+14   1.01804214e+14   7.71720982e+13   8.61769585e+13\n",
        "    7.92852221e+13]\n",
        " [  3.54670598e+13   9.33580683e+13   4.46349695e+13   4.01971660e+14\n",
        "    7.56278645e+13   0.00000000e+00   3.53970275e+13   4.02069966e+13\n",
        "    1.75897299e+14   6.62104441e+13   4.17964449e+13   5.35799016e+13\n",
        "    3.28364028e+13]\n",
        " [  2.99908779e+13   1.03774127e+14   5.70283157e+13   4.09041948e+14\n",
        "    6.61630820e+13   3.53970275e+13   0.00000000e+00   3.65365486e+13\n",
        "    1.91797872e+14   7.84938660e+13   3.19446413e+13   5.55927397e+13\n",
        "    3.72937547e+13]\n",
        " [  4.71471479e+13   1.18721880e+14   5.66139604e+13   4.06257568e+14\n",
        "    7.82464272e+13   4.02069966e+13   3.65365486e+13   0.00000000e+00\n",
        "    2.04107885e+14   8.65555951e+13   1.46764359e+13   7.56125637e+13\n",
        "    2.11840475e+13]\n",
        " [  1.78630810e+14   1.36085527e+14   1.65774161e+14   3.70577898e+14\n",
        "    1.92469447e+14   1.75897299e+14   1.91797872e+14   2.04107885e+14\n",
        "    0.00000000e+00   1.57688567e+14   2.07576222e+14   1.58262045e+14\n",
        "    1.96215581e+14]\n",
        " [  6.77998882e+13   8.19772522e+13   6.56821883e+13   3.88674307e+14\n",
        "    1.01804214e+14   6.62104441e+13   7.84938660e+13   8.65555951e+13\n",
        "    1.57688567e+14   0.00000000e+00   8.96355480e+13   6.96692517e+13\n",
        "    8.05458789e+13]\n",
        " [  4.41550614e+13   1.18947844e+14   6.03685588e+13   4.09942985e+14\n",
        "    7.71720982e+13   4.17964449e+13   3.19446413e+13   1.46764359e+13\n",
        "    2.07576222e+14   8.96355480e+13   0.00000000e+00   7.38708119e+13\n",
        "    2.36102259e+13]\n",
        " [  4.40370966e+13   6.78342227e+13   5.77366414e+13   4.00429532e+14\n",
        "    8.61769585e+13   5.35799016e+13   5.55927397e+13   7.56125637e+13\n",
        "    1.58262045e+14   6.96692517e+13   7.38708119e+13   0.00000000e+00\n",
        "    7.00071365e+13]\n",
        " [  4.55503008e+13   1.12466378e+14   5.19785918e+13   4.07933813e+14\n",
        "    7.92852221e+13   3.28364028e+13   3.72937547e+13   2.11840475e+13\n",
        "    1.96215581e+14   8.05458789e+13   2.36102259e+13   7.00071365e+13\n",
        "    0.00000000e+00]]"
       ]
      },
      {
       "output_type": "stream",
       "stream": "stdout",
       "text": [
        "\n",
        "[[  0.00000000e+00   4.14410254e+14   1.92604235e+14   1.64572879e+15\n",
        "    2.17922144e+15   1.41667936e+14   1.49784736e+14   1.99272692e+14\n",
        "    7.65067021e+14   3.40307137e+14   1.81715536e+14   1.88995405e+14\n",
        "    1.88732188e+14]\n",
        " [  4.14410254e+14   0.00000000e+00   4.56761853e+14   1.63850627e+15\n",
        "    2.08504610e+15   4.47236320e+14   4.36132555e+14   5.34925762e+14\n",
        "    5.33281695e+14   3.91056605e+14   5.45266466e+14   3.36897369e+14\n",
        "    5.23418168e+14]\n",
        " [  1.92604235e+14   4.56761853e+14   0.00000000e+00   1.54715379e+15\n",
        "    2.22386078e+15   1.51590971e+14   1.94539604e+14   1.90619473e+14\n",
        "    7.56256030e+14   3.03951111e+14   2.10500994e+14   2.16216740e+14\n",
        "    1.84653445e+14]\n",
        " [  1.64572879e+15   1.63850627e+15   1.54715379e+15   0.00000000e+00\n",
        "    2.79235232e+15   1.64447667e+15   1.67597449e+15   1.65039326e+15\n",
        "    1.55016107e+15   1.58617598e+15   1.66282732e+15   1.62004583e+15\n",
        "    1.67705830e+15]\n",
        " [  2.17922144e+15   2.08504610e+15   2.22386078e+15   2.79235232e+15\n",
        "    0.00000000e+00   2.21502630e+15   2.15330266e+15   2.24737801e+15\n",
        "    2.17903193e+15   2.20890275e+15   2.24983272e+15   2.17245996e+15\n",
        "    2.24404257e+15]\n",
        " [  1.41667936e+14   4.47236320e+14   1.51590971e+14   1.64447667e+15\n",
        "    2.21502630e+15   0.00000000e+00   1.28233161e+14   1.49247882e+14\n",
        "    7.67761911e+14   3.09307942e+14   1.60755006e+14   1.85631775e+14\n",
        "    1.15977262e+14]\n",
        " [  1.49784736e+14   4.36132555e+14   1.94539604e+14   1.67597449e+15\n",
        "    2.15330266e+15   1.28233161e+14   0.00000000e+00   1.66350023e+14\n",
        "    7.87615465e+14   3.27433710e+14   1.79822597e+14   1.81543956e+14\n",
        "    1.56533942e+14]\n",
        " [  1.99272692e+14   5.34925762e+14   1.90619473e+14   1.65039326e+15\n",
        "    2.24737801e+15   1.49247882e+14   1.66350023e+14   0.00000000e+00\n",
        "    8.66853585e+14   3.38311218e+14   9.05221400e+13   2.84154399e+14\n",
        "    1.01529193e+14]\n",
        " [  7.65067021e+14   5.33281695e+14   7.56256030e+14   1.55016107e+15\n",
        "    2.17903193e+15   7.67761911e+14   7.87615465e+14   8.66853585e+14\n",
        "    0.00000000e+00   6.86641186e+14   8.78859562e+14   6.60284650e+14\n",
        "    8.50603375e+14]\n",
        " [  3.40307137e+14   3.91056605e+14   3.03951111e+14   1.58617598e+15\n",
        "    2.20890275e+15   3.09307942e+14   3.27433710e+14   3.38311218e+14\n",
        "    6.86641186e+14   0.00000000e+00   3.75642839e+14   3.01082442e+14\n",
        "    3.51650850e+14]\n",
        " [  1.81715536e+14   5.45266466e+14   2.10500994e+14   1.66282732e+15\n",
        "    2.24983272e+15   1.60755006e+14   1.79822597e+14   9.05221400e+13\n",
        "    8.78859562e+14   3.75642839e+14   0.00000000e+00   2.97124227e+14\n",
        "    1.05800421e+14]\n",
        " [  1.88995405e+14   3.36897369e+14   2.16216740e+14   1.62004583e+15\n",
        "    2.17245996e+15   1.85631775e+14   1.81543956e+14   2.84154399e+14\n",
        "    6.60284650e+14   3.01082442e+14   2.97124227e+14   0.00000000e+00\n",
        "    2.69027507e+14]\n",
        " [  1.88732188e+14   5.23418168e+14   1.84653445e+14   1.67705830e+15\n",
        "    2.24404257e+15   1.15977262e+14   1.56533942e+14   1.01529193e+14\n",
        "    8.50603375e+14   3.51650850e+14   1.05800421e+14   2.69027507e+14\n",
        "    0.00000000e+00]]"
       ]
      },
      {
       "output_type": "stream",
       "stream": "stdout",
       "text": [
        "\n"
       ]
      }
     ],
     "prompt_number": 32
    },
    {
     "cell_type": "code",
     "collapsed": false,
     "input": [
      "np.log10()"
     ],
     "language": "python",
     "metadata": {},
     "outputs": [
      {
       "metadata": {},
       "output_type": "pyout",
       "prompt_number": 35,
       "text": [
        "-15.0"
       ]
      }
     ],
     "prompt_number": 35
    },
    {
     "cell_type": "code",
     "collapsed": false,
     "input": [],
     "language": "python",
     "metadata": {},
     "outputs": [],
     "prompt_number": 83
    },
    {
     "cell_type": "code",
     "collapsed": false,
     "input": [],
     "language": "python",
     "metadata": {},
     "outputs": []
    }
   ],
   "metadata": {}
  }
 ]
}